0,504
0,503
0,502
0,501
0,500
0,499
0,498
0,497
0,496
0,495
0,494
0,493
0,492
0,491
0,490
0,489
86,4
86,3
86,2
86,1
86,0
85,3
85,2
85,1
85,0
84,3
84,2
84,1
84,0
83,4
83,3
83,2
83,1
83,0
82,3
82,2
82,1
82,0
81,5
81,4
81,3
81,2
81,1
81,0
80,4
80,3
80,2
80,1
80,0
79,3
79,2
79,1
79,0
78,4
78,3
78,2
78,1
78,0
0,488
0,487
77,3
77,2
0,486
0,485
77,1
77,0
0,484
0,483
0,482
0,481
0,480
0,472
76,3
76,2
76,1
76,0
75,4
75,3
75,2
75,1
75,0
74,3
74,2
74,1
74,0
73,5
73,4
73,3
73,2
73,1
73,0
72,4
72,3
72,2
72,1
72,0
71,3
71,2
71,1
71,0
70,4
70,3
70,2
70,1
70,0
69,3
69,2
69,1
69,0
0,278
0,9
3,2
10,291
10,17
10,71
10,273
10,235
10,213
10,35
10,137
11,5
11,6
9,5
8,13
8,5
8,7
8,10
